001000001001010416001   5380     1    N                                   9802            5555555555553*55                                                                                                                                                                                        
001000002001010416001   5380     1    N                                             9802  4445555555355553                                                                                                                                                                                        
001000003001010416001   5380     1    N                                             9802  5545455545544555                                                                                                                                                                                        
001000004001010416001   5380     1    N                                             9802  4444445444324353                                                                                                                                                                                        
001000005001010416001   5380     1    N                                                   5545555555555555                                                                                                                                                                                        
001000006001010416001   5380     1    N                                                   4444455545545543                                                                                                                                                                                        
001000007001010416001   5380     1    N                                                   5454444444444444                                                                                                                                                                                        
001000008001010416001   5380     1    N                                             9802  5555455555453544                                                                                                                                                                                        
001000009001010416001   5380     1    N                                                   5555555555555555                                                                                                                                                                                        
001000010001010416001   5380     1    N                                                   5555555555555555                                                                                                                                                                                        
001000011001010416001   5380     1    N                                             9802  4444554445434444                                                                                                                                                                                        
001000012001010416001   5380     1    N                                             9802  5444553544353433                                                                                                                                                                                        
001000013001010416001   5380     1    N                                             9802  5545555545545543                                                                                                                                                                                        
001000014001010416001   5380     1    N                                                   4555455445455454                                                                                                                                                                                        
001000015001010416001   5380     1    N                                             9802  3444344444444444                                                                                                                                                                                        
001000016001010416001   5380     1    N                                             9802  4555555555555555                                                                                                                                                                                        
