001000001001010416001   5380     1    N                                             9862  3233434322233344122                                                                                                                                                                                     
001000002001010416001   5380     1    N                                             9862  4454454555453454253                                                                                                                                                                                     
001000003001010416001   5380     1    N                                             9862  3443244454353235343                                                                                                                                                                                     
001000004001010416001   5380     1    N                                             9862  4444344343343452343                                                                                                                                                                                     
001000005001010416001   5380     1    N                                                   2232232223231343122                                                                                                                                                                                     
001000006001010416001   5380     1    N                                                   3344323323332433233                                                                                                                                                                                     
001000007001010416001   5380     1    N                                             9862  4445533333442453343                                                                                                                                                                                     
001000008001010416001   5380     1    N                                                   5555555555553352555                                                                                                                                                                                     
001000009001010416001   5380     1    N                                                   3334532222231252332                                                                                                                                                                                     
001000010001010416001   5380     1    N                                   9862            4445555555545545555                                                                                                                                                                                     
001000011001010416001   5380     1    N STACEY             ASHLEY                         4554344234233544233                                                                                                                                                                                     
001000012001010416001   5380     1    N                                             9862  4444442243213423111                                                                                                                                                                                     
001000013001010416001   5380     1    N                                                   3444452333342323223                                                                                                                                                                                     
001000014001010416001   5380     1    N                                                   3333333333335324333                                                                                                                                                                                     
001000015001010416001   5380     1    N                                                   4434344444331332142                                                                                                                                                                                     
001000016001010416001   5380     1    N KR YC                                             2344444344444444555                                                                                                                                                                                     
001000017001010416001   5380     1    N                                                   4455554434342433233                                                                                                                                                                                     
001000018001010416001   5380     1    N                                                   445544455555455524 3                                                                                                                                                                                    
001000019001010416001   5380     1    N                                   431       9862  5455555555553445354                                                                                                                                                                                     
001000020001010416001   5380     1    N                                                   4344344344352322332                                                                                                                                                                                     
001000021001010416001   5380     1    N                                                   5555555555555555555                                                                                                                                                                                     
001000022001010416001   5380     1    N RODGERS            SHAINA                     98624454443345551554443                                                                                                                                                                                     
001000023001010416001   5380     1    N                                             9862  3444534543542441333                                                                                                                                                                                     
001000024001010416001   5380     1    N                                                   5555555555554555555                                                                                                                                                                                     
001000025001010416001   5380     1    N                                                   5555555555555555555                                                                                                                                                                                     
001000026001010416001   5380     1    N                                             9862  4444423444444444243                                                                                                                                                                                     
001000027001010416001   5380     1    N                                                   4455454555551344354                                                                                                                                                                                     
001000028001010416001   5380     1    N EICK               TARA           101140978       4554444544445432333                                                                                                                                                                                     
001000029001010416001   5380     1    N                                   9862            5555555555555555354                                                                                                                                                                                     
001000030001010416001   5380     1    N                                             9862  4445454453351555122                                                                                                                                                                                     
001000031001010416001   5380     1    N                                                   4555555555553554154                                                                                                                                                                                     
001000032001010416001   5380     1    N                                             9862  2343331232242324512                                                                                                                                                                                     
001000033001010416001   5380     1    N                                                   3444344544342444143                                                                                                                                                                                     
